Fa_chr1	1	20000	1
Mo_chr1	1	20000	1
Fa_chr2	1	20000	1
Mo_chr2	1	30000	1
Fa_chr3	1	20000	1
Mo_chr3	1	10000	1
Fa_chr4	1	20000	1
Mo_chr4	1	10000	1
Fa_chr6	1	70000	1
Mo_chr6	1	50000	1
Fa_chr9	1	10000	1
Mo_chr9	1	10000	1
Fa_chr10	1	30000	1
Mo_chr10	1	10000	1
Fa_chr5	1	10000	1
Mo_chr5	1	10000	1
Fa_chr12	1	20000	1
Mo_chr12	1	20000	1
Fa_chr14	1	20000	1
Mo_chr14	1	20000	1
Fa_chr7	1	30000	1
Mo_chr7	1	10000	1
Fa_chr8	1	50000	1
Mo_chr8	1	30000	1
Fa_chr13	1	20000	1
Mo_chr13	1	10000	1
Fa_chr11	1	20000	1
Mo_chr11	1	40000	1
Fa_chr15	1	10000	1
Mo_chr15	1	20000	1
Fa_chr25	1	10000	1
Mo_chr25	1	20000	1
Fa_chr18	1	10000	1
Mo_chr18	1	10000	1
Mo_chr17	1	10000	1
Fa_chr19	1	20000	1
Mo_chr19	1	10000	1
Mo_chr20	1	10000	1
Fa_chr24	1	10000	1
Mo_chr24	1	10000	1
Fa_chr21	1	10000	1
Mo_chr21	1	20000	1
Fa_chr23	1	40000	1
Mo_chr23	1	20000	1
Fa_chr16	1	20000	1
Mo_chr16	1	10000	1
Fa_chr26	1	10000	1
Mo_chr26	1	10000	1
Fa_chr27	1	20000	1
Mo_chr27	1	20000	1
Fa_chr22	1	20000	1
Mo_chr22	1	10000	1
Fa_chr29	1	10000	1
Mo_chr29	1	20000	1
Fa_chr34	1	10000	1
Mo_chr34	1	10000	1
Fa_chr36	1	10000	1
Mo_chr36	1	10000	1
Fa_chr28	1	10000	1
Mo_chr28	1	10000	1
Fa_chr35	1	20000	1
Mo_chr35	1	20000	1
Fa_chr32	1	10000	1
Mo_chr32	1	10000	1
Fa_chr30	1	10000	1
Mo_chr30	1	10000	1
Fa_chr38	1	10000	1
Mo_chr38	1	10000	1
Fa_chr37	1	10000	1
Mo_chr37	1	10000	1
Fa_chr31	1	10000	1
Mo_chr31	1	10000	1
Fa_chr41	1	10000	1
Mo_chr41	1	10000	1
Fa_chr39	1	10000	1
Mo_chr39	1	10000	1
Fa_chr33	1	10000	1
Mo_chr33	1	10000	1
Fa_chr40	1	30000	1
Fa_chr43	1	20000	1
Mo_chr43	1	10000	1
Fa_chr45	1	10000	1
Mo_chr45	1	10000	1
